0.011429136877520224 0.16 best
0.6897495822259495 0.22 best
0.3518200592172377 0.14 best
0.6930645258646707 0.22 best
0.328683483376415 0.14 best
0.2808988764044944 0.04 best
0.6483428652623352 0.32 best
0.11484474691620587 0.06 best
0.06366568503716168 0.12 best
0.42992746921092345 0.2 best
0.23226464902209004 0.22 best
0.19470439375668744 0.06 1000
0.30471278317152106 0.06 1000
0.32333005639778545 0.06 1000
0.26698735280586916 0.16 1000
0.1600106284044108 0.06 1000
0.34714003944773175 0.02 1000
0.221976401179941 0.06 1000
0.11828344752975117 0.06 1000
0.2700426496787777 0.08 1000
0.22634787578586396 0.06 1000
0.2494906437396142 0.06 10000
0.5718613630357293 0.12 10000
0.33538723574792106 0.1 10000
0.625277617833347 0.14 10000
0.25902007038168523 0.06 10000
0.3248407643312102 0.06 10000
0.6186504927975739 0.18 10000
0.2629043358568479 0.04 10000
0.18192390762585148 0.02 10000
0.4515515515515515 0.14 10000
0.2875191092907208 0.06 10000
0.27893525794973034 0.08 100000
0.6596787638254724 0.2 100000
0.3555959267581393 0.06 100000
0.6971749500964238 0.18 100000
0.29716766310403975 0.06 100000
0.3069767441860465 0.02 100000
0.6699553801575027 0.14 100000
0.22200584225900682 0.06 100000
0.2086873279885126 0.06 100000
0.4460253940022726 0.1 100000
0.17789214109574353 0.1 100000
0.35687479642558734 0.1 200000
0.7071290944123315 0.12 200000
0.3549286297880521 0.1 200000
0.7215388326097444 0.32 200000
0.36482110262801515 0.04 200000
0.3197492163009404 0.04 200000
0.6853248491186402 0.18 200000
0.2112728630085853 0.0 200000
0.305193206989909 0.06 200000
0.39343786295005806 0.22 200000
0.26845861525627956 0.18 200000
0.2634427520568374 0.18 300000
0.7278070780757098 0.12 300000
0.3644519883608147 0.06 300000
0.7283981383569856 0.24 300000
0.39436532443792666 0.1 300000
0.36334913112164297 0.06 300000
0.7115405051184868 0.2 300000
0.21756021756021754 0.04 300000
0.2761805586996876 0.06 300000
0.38475570674949466 0.1 300000
0.1536379928315412 0.14 300000
0.3008503792231671 0.16 400000
0.7015486560941107 0.16 400000
0.37143921519930456 0.1 400000
0.7150161463939722 0.2 400000
0.21422448358819787 0.12 400000
0.35094339622641507 0.08 400000
0.6665535471886833 0.22 400000
0.1619391438886024 0.06 400000
0.29995200069817163 0.1 400000
0.45281534300467174 0.24 400000
0.1387998016201025 0.28 400000
0.2494906437396142 0.08 500000
0.5718613630357293 0.06 500000
0.33538723574792106 0.08 500000
0.625277617833347 0.12 500000
0.25902007038168523 0.06 500000
0.3248407643312102 0.02 500000
0.6186504927975739 0.14 500000
0.2629043358568479 0.08 500000
0.18192390762585148 0.02 500000
0.4515515515515515 0.12 500000
0.2875191092907208 0.04 500000
0.13775416742993224 0.06 600000
0.19489696798926304 0.06 600000
0.26555358888331176 0.04 600000
0.1744657120831898 0.06 600000
0.08384465247829084 0.06 600000
0.3147540983606557 0.02 600000
0.25055218540986157 0.14 600000
0.20082120194102274 0.12 600000
0.06169031462060457 0.0 600000
0.25200070097552424 0.08 600000
0.05114426016862782 0.0 600000
0.011429136877520224 0.22 best
0.6897495822259495 0.2 best
0.3518200592172377 0.14 best
0.6930645258646707 0.26 best
0.328683483376415 0.14 best
0.2808988764044944 0.04 best
0.6483428652623352 0.36 best
0.11484474691620587 0.08 best
0.06366568503716168 0.22 best
0.42992746921092345 0.08 best
0.23226464902209004 0.18 best
0.19470439375668744 0.06 1000
0.30471278317152106 0.12 1000
0.32333005639778545 0.04 1000
0.26698735280586916 0.02 1000
0.1600106284044108 0.08 1000
0.34714003944773175 0.0 1000
0.3662079357106982 0.06 1000
0.221976401179941 0.06 1000
0.11828344752975117 0.1 1000
0.2700426496787777 0.08 1000
0.22634787578586396 0.04 1000
0.2494906437396142 0.06 10000
0.5718613630357293 0.1 10000
0.33538723574792106 0.1 10000
0.625277617833347 0.18 10000
0.25902007038168523 0.04 10000
0.3248407643312102 0.02 10000
0.6186504927975739 0.14 10000
0.2629043358568479 0.02 10000
0.18192390762585148 0.06 10000
0.4515515515515515 0.06 10000
0.2875191092907208 0.18 10000
0.27893525794973034 0.06 100000
0.6596787638254724 0.16 100000
0.3555959267581393 0.08 100000
0.6971749500964238 0.18 100000
0.29716766310403975 0.04 100000
0.3069767441860465 0.02 100000
0.6699553801575027 0.14 100000
0.22200584225900682 0.08 100000
0.2086873279885126 0.08 100000
0.4460253940022726 0.04 100000
0.17789214109574353 0.1 100000
0.35687479642558734 0.14 200000
0.7071290944123315 0.16 200000
0.3549286297880521 0.06 200000
0.7215388326097444 0.28 200000
0.36482110262801515 0.1 200000
0.3197492163009404 0.04 200000
0.6853248491186402 0.2 200000
0.2112728630085853 0.1 200000
0.305193206989909 0.12 200000
0.39343786295005806 0.12 200000
0.26845861525627956 0.18 200000
0.2634427520568374 0.12 300000
0.7278070780757098 0.18 300000
0.3644519883608147 0.14 300000
0.7283981383569856 0.22 300000
0.39436532443792666 0.1 300000
0.36334913112164297 0.02 300000
0.7115405051184868 0.2 300000
0.21756021756021754 0.16 300000
0.2761805586996876 0.1 300000
0.38475570674949466 0.14 300000
0.1536379928315412 0.22 300000
0.3008503792231671 0.2 400000
0.7015486560941107 0.26 400000
0.37143921519930456 0.04 400000
0.7150161463939722 0.26 400000
0.21422448358819787 0.12 400000
0.35094339622641507 0.06 400000
0.6665535471886833 0.26 400000
0.1619391438886024 0.14 400000
0.29995200069817163 0.18 400000
0.45281534300467174 0.2 400000
0.1387998016201025 0.16 400000
0.2494906437396142 0.08 500000
0.5718613630357293 0.1 500000
0.33538723574792106 0.08 500000
0.625277617833347 0.24 500000
0.25902007038168523 0.04 500000
0.3248407643312102 0.02 500000
0.6186504927975739 0.2 500000
0.2629043358568479 0.04 500000
0.18192390762585148 0.04 500000
0.4515515515515515 0.14 500000
0.2875191092907208 0.14 500000
0.13775416742993224 0.04 600000
0.19489696798926304 0.06 600000
0.26555358888331176 0.02 600000
0.1744657120831898 0.06 600000
0.08384465247829084 0.02 600000
0.3147540983606557 0.08 600000
0.25055218540986157 0.06 600000
0.20082120194102274 0.02 600000
0.06169031462060457 0.04 600000
0.25200070097552424 0.04 600000
0.05114426016862782 0.0 600000
0.3093832020997375 0.1 best
0.7042624506126218 0.3 best
0.3516988758368069 0.06 best
0.6359129884877703 0.34 best
0.09631245517571123 0.1 best
0.2636534839924671 0.02 best
0.6940415523324186 0.18 best
0.1266339869281046 0.14 best
0.15854870775347912 0.1 best
0.4113028257064266 0.12 best
0.07523740820019158 0.16 best
0.2249996069738559 0.04 1000
0.3095643918962653 0.06 1000
0.30974604995567606 0.0 1000
0.30257080468540726 0.08 1000
0.17042337883421077 0.06 1000
0.3262642740619902 0.02 1000
0.3600340818944832 0.04 1000
0.2146979607541362 0.0 1000
0.10206258890469418 0.06 1000
0.27103788761302494 0.04 1000
0.28513425016371974 0.04 1000
0.35228916907813146 0.02 10000
0.608364491579392 0.06 10000
0.3309983344763398 0.04 10000
0.6374251682637659 0.08 10000
0.290971238830021 0.08 10000
0.31528662420382164 0.04 10000
0.6253371217246201 0.1 10000
0.23554006968641114 0.1 10000
0.28446464559838774 0.06 10000
0.41825579685278685 0.06 10000
0.24184338491959406 0.1 10000
0.29589446430773025 0.04 100000
0.7070842488114302 0.14 100000
0.3736137116520237 0.06 100000
0.6898892145728063 0.18 100000
0.3028425017519272 0.06 100000
0.28027681660899656 0.06 100000
0.6937661668103716 0.08 100000
0.12728418399495905 0.1 100000
0.24440508774754463 0.04 100000
0.4418547475045484 0.12 100000
0.14768254100842618 0.1 100000
0.32651345291479816 0.06 200000
0.7295029848074228 0.2 200000
0.38020355988616084 0.12 200000
0.6929372045914922 0.16 200000
0.24624505536994262 0.1 200000
0.31017770597738287 0.0 200000
0.7216793852629344 0.08 200000
0.14340918849291542 0.08 200000
0.18251410153102338 0.04 200000
0.43970791395302933 0.04 200000
0.19185309301693687 0.08 200000
0.3054951544924968 0.08 300000
0.7264461127526882 0.14 300000
0.38902611573419027 0.08 300000
0.7159624097551794 0.12 300000
0.21218012046272985 0.06 300000
0.31313131313131315 0.06 300000
0.70454846252261 0.2 300000
0.21980337078651685 0.1 300000
0.18084405603618636 0.12 300000
0.4466462674243528 0.04 300000
0.14576530727137615 0.2 300000
0.14737899306680488 0.02 400000
0.19670866546670093 0.02 400000
0.2719752361637402 0.08 400000
0.17829076211508815 0.0 400000
0.10638642624013332 0.04 400000
0.29491525423728815 0.02 400000
0.26269234410004527 0.0 400000
0.2004889975550122 0.06 400000
0.03860462608508115 0.02 400000
0.25103095777429285 0.08 400000
0.056708365109899496 0.02 400000
0.3379467361672808 0.08 500000
0.7387432909582761 0.26 500000
0.37178034966756957 0.14 500000
0.7317073170731706 0.32 500000
0.3355103854270798 0.14 500000
0.3568904593639576 0.02 500000
0.7104354811656381 0.2 500000
0.23205997857907887 0.14 500000
0.24996552516662837 0.08 500000
0.4574990184530821 0.16 500000
0.10984836818709127 0.14 500000
0.4416744544005277 0.08 600000
0.7401007031967409 0.22 600000
0.3764187866927593 0.08 600000
0.7210279052862546 0.28 600000
0.22461436022638995 0.14 600000
0.2817391304347826 0.04 600000
0.7220823727885388 0.3 600000
0.25746956842493546 0.12 600000
0.20256500351370343 0.14 600000
0.42987319801359625 0.18 600000
0.06954343875639082 0.12 600000
0.3093832020997375 0.06 best
0.7042624506126218 0.22 best
0.3516988758368069 0.1 best
0.6359129884877703 0.26 best
0.09631245517571123 0.1 best
0.2636534839924671 0.04 best
0.6940415523324186 0.2 best
0.1266339869281046 0.14 best
0.15854870775347912 0.04 best
0.4113028257064266 0.1 best
0.07523740820019158 0.2 best
0.2249996069738559 0.0 1000
0.3095643918962653 0.06 1000
0.30974604995567606 0.02 1000
0.30257080468540726 0.06 1000
0.17042337883421077 0.02 1000
0.3262642740619902 0.0 1000
0.3600340818944832 0.1 1000
0.2146979607541362 0.02 1000
0.10206258890469418 0.02 1000
0.27103788761302494 0.06 1000
0.28513425016371974 0.08 1000
0.35228916907813146 0.04 10000
0.608364491579392 0.12 10000
0.3309983344763398 0.1 10000
0.6374251682637659 0.12 10000
0.290971238830021 0.08 10000
0.31528662420382164 0.02 10000
0.6253371217246201 0.08 10000
0.23554006968641114 0.02 10000
0.28446464559838774 0.0 10000
0.41825579685278685 0.08 10000
0.24184338491959406 0.08 10000
0.29589446430773025 0.06 100000
0.7070842488114302 0.1 100000
0.3736137116520237 0.06 100000
0.6898892145728063 0.08 100000
0.3028425017519272 0.02 100000
0.28027681660899656 0.02 100000
0.6937661668103716 0.12 100000
0.12728418399495905 0.06 100000
0.24440508774754463 0.02 100000
0.4418547475045484 0.04 100000
0.14768254100842618 0.06 100000
0.32651345291479816 0.06 200000
0.7295029848074228 0.16 200000
0.38020355988616084 0.06 200000
0.6929372045914922 0.18 200000
0.24624505536994262 0.1 200000
0.31017770597738287 0.02 200000
0.7216793852629344 0.26 200000
0.14340918849291542 0.06 200000
0.18251410153102338 0.02 200000
0.43970791395302933 0.1 200000
0.19185309301693687 0.12 200000
0.3054951544924968 0.08 300000
0.7264461127526882 0.1 300000
0.38902611573419027 0.06 300000
0.7159624097551794 0.22 300000
0.21218012046272985 0.06 300000
0.31313131313131315 0.06 300000
0.70454846252261 0.2 300000
0.21980337078651685 0.1 300000
0.18084405603618636 0.06 300000
0.4466462674243528 0.12 300000
0.14576530727137615 0.1 300000
0.14737899306680488 0.0 400000
0.19670866546670093 0.0 400000
0.2719752361637402 0.0 400000
0.17829076211508815 0.0 400000
0.10638642624013332 0.08 400000
0.29491525423728815 0.02 400000
0.26269234410004527 0.06 400000
0.2004889975550122 0.02 400000
0.03860462608508115 0.04 400000
0.25103095777429285 0.02 400000
0.056708365109899496 0.02 400000
0.3379467361672808 0.06 500000
0.7387432909582761 0.2 500000
0.37178034966756957 0.08 500000
0.7317073170731706 0.24 500000
0.3355103854270798 0.06 500000
0.3568904593639576 0.0 500000
0.7104354811656381 0.14 500000
0.23205997857907887 0.06 500000
0.24996552516662837 0.06 500000
0.4574990184530821 0.1 500000
0.10984836818709127 0.16 500000
0.4416744544005277 0.12 600000
0.7401007031967409 0.28 600000
0.3764187866927593 0.1 600000
0.7210279052862546 0.26 600000
0.22461436022638995 0.1 600000
0.2817391304347826 0.04 600000
0.7220823727885388 0.24 600000
0.25746956842493546 0.14 600000
0.20256500351370343 0.14 600000
0.42987319801359625 0.12 600000
0.06954343875639082 0.18 600000
0.4457881244011705 0.14 best
0.7098428545706285 0.14 best
0.36745447905253825 0.02 best
0.6881672447482472 0.18 best
0.3109705343765607 0.1 best
0.35336976320582875 0.06 best
0.6822043321620779 0.08 best
0.3291139240506329 0.06 best
0.26611547721800755 0.2 best
0.4597988692650223 0.04 best
0.36931900752782976 0.1 best
0.20221559916774448 0.0 1000
0.30240275347270124 0.06 1000
0.31663388883138394 0.1 1000
0.29023683301545344 0.04 1000
0.16683689847375024 0.02 1000
0.3375 0.02 1000
0.3567648256208441 0.06 1000
0.21630615640599002 0.02 1000
0.10973881352500506 0.0 1000
0.30276564774381365 0.04 1000
0.2941575771101254 0.02 1000
0.20221559916774448 0.02 10000
0.30240275347270124 0.06 10000
0.31663388883138394 0.06 10000
0.29023683301545344 0.02 10000
0.16683689847375024 0.04 10000
0.3375 0.02 10000
0.3567648256208441 0.06 10000
0.21630615640599002 0.06 10000
0.10973881352500506 0.02 10000
0.30276564774381365 0.04 10000
0.2941575771101254 0.04 10000
0.27997624574852886 0.0 50000
0.7141992763913414 0.06 50000
0.3600314938086035 0.02 50000
0.6993381043577596 0.06 50000
0.22057793802581388 0.04 50000
0.21875 0.02 50000
0.6776955910814179 0.08 50000
0.12916666666666665 0.04 50000
0.1452228069328441 0.08 50000
0.4155240079461214 0.06 50000
0.20177934431798877 0.06 50000
0.22555688942243565 0.04 100000
0.711191605362411 0.08 100000
0.3611718408395278 0.02 100000
0.7146929116919436 0.04 100000
0.2115011604309852 0.06 100000
0.2495726495726496 0.0 100000
0.6880511091140434 0.12 100000
0.17717206132879046 0.06 100000
0.13384935992855015 0.04 100000
0.4361675817381412 0.1 100000
0.09864774692576905 0.08 100000
0.27279435016338144 0.04 150000
0.7205908935082744 0.14 150000
0.3737298517860146 0.0 150000
0.7254749069007704 0.12 150000
0.2678132429561435 0.08 150000
0.323679727427598 0.04 150000
0.6880255455029272 0.08 150000
0.2106490478041197 0.04 150000
0.1443433029908973 0.06 150000
0.4570058239122987 0.04 150000
0.23637892774270688 0.06 150000
0.18504734883378163 0.06 200000
0.7245445995445997 0.18 200000
0.3806770268642332 0.04 200000
0.7092537715517241 0.16 200000
0.20405691795337574 0.08 200000
0.22137404580152673 0.08 200000
0.6845653040435802 0.14 200000
0.22240000000000001 0.12 200000
0.11960504885993486 0.08 200000
0.4610890041807283 0.06 200000
0.18816591980755518 0.08 200000
0.27252025114675166 0.06 250000
0.715216148358068 0.08 250000
0.3809991890497137 0.02 250000
0.7060198003754777 0.12 250000
0.2745921457840218 0.08 250000
0.32388663967611336 0.06 250000
0.6953077012097959 0.1 250000
0.16547788873038516 0.06 250000
0.107542284171671 0.06 250000
0.4706866024001574 0.02 250000
0.14873612444313175 0.1 250000
0.27252025114675166 0.04 300000
0.715216148358068 0.14 300000
0.3809991890497137 0.04 300000
0.7060198003754777 0.08 300000
0.2745921457840218 0.08 300000
0.32388663967611336 0.02 300000
0.6953077012097959 0.1 300000
0.16547788873038516 0.08 300000
0.107542284171671 0.08 300000
0.4706866024001574 0.02 300000
0.14873612444313175 0.08 300000
0.4457881244011705 0.1 best
0.7098428545706285 0.12 best
0.36745447905253825 0.02 best
0.6881672447482472 0.08 best
0.3109705343765607 0.12 best
0.35336976320582875 0.14 best
0.6822043321620779 0.18 best
0.3291139240506329 0.08 best
0.26611547721800755 0.12 best
0.4597988692650223 0.08 best
0.36931900752782976 0.14 best
0.20221559916774448 0.0 1000
0.30240275347270124 0.02 1000
0.31663388883138394 0.0 1000
0.29023683301545344 0.04 1000
0.16683689847375024 0.0 1000
0.3375 0.02 1000
0.3567648256208441 0.04 1000
0.21630615640599002 0.0 1000
0.10973881352500506 0.02 1000
0.30276564774381365 0.08 1000
0.2941575771101254 0.0 1000
0.20221559916774448 0.0 10000
0.30240275347270124 0.1 10000
0.31663388883138394 0.0 10000
0.29023683301545344 0.04 10000
0.16683689847375024 0.0 10000
0.3375 0.0 10000
0.3567648256208441 0.02 10000
0.21630615640599002 0.04 10000
0.10973881352500506 0.0 10000
0.30276564774381365 0.1 10000
0.2941575771101254 0.04 10000
0.27997624574852886 0.08 50000
0.7141992763913414 0.08 50000
0.3600314938086035 0.0 50000
0.6993381043577596 0.1 50000
0.22057793802581388 0.04 50000
0.21875 0.04 50000
0.6776955910814179 0.0 50000
0.12916666666666665 0.02 50000
0.1452228069328441 0.04 50000
0.4155240079461214 0.04 50000
0.20177934431798877 0.06 50000
0.22555688942243565 0.04 100000
0.711191605362411 0.18 100000
0.3611718408395278 0.02 100000
0.7146929116919436 0.1 100000
0.2115011604309852 0.06 100000
0.2495726495726496 0.02 100000
0.6880511091140434 0.08 100000
0.17717206132879046 0.04 100000
0.13384935992855015 0.1 100000
0.4361675817381412 0.04 100000
0.09864774692576905 0.04 100000
0.27279435016338144 0.02 150000
0.7205908935082744 0.06 150000
0.3737298517860146 0.06 150000
0.7254749069007704 0.1 150000
0.2678132429561435 0.04 150000
0.323679727427598 0.0 150000
0.6880255455029272 0.04 150000
0.2106490478041197 0.02 150000
0.1443433029908973 0.1 150000
0.4570058239122987 0.04 150000
0.23637892774270688 0.06 150000
0.18504734883378163 0.04 200000
0.7245445995445997 0.14 200000
0.3806770268642332 0.04 200000
0.7092537715517241 0.14 200000
0.20405691795337574 0.06 200000
0.22137404580152673 0.02 200000
0.6845653040435802 0.1 200000
0.22240000000000001 0.02 200000
0.11960504885993486 0.04 200000
0.4610890041807283 0.1 200000
0.18816591980755518 0.04 200000
0.27252025114675166 0.08 250000
0.715216148358068 0.1 250000
0.3809991890497137 0.0 250000
0.7060198003754777 0.16 250000
0.2745921457840218 0.16 250000
0.32388663967611336 0.08 250000
0.6953077012097959 0.14 250000
0.16547788873038516 0.08 250000
0.107542284171671 0.06 250000
0.4706866024001574 0.08 250000
0.14873612444313175 0.06 250000
0.27252025114675166 0.06 300000
0.715216148358068 0.1 300000
0.3809991890497137 0.04 300000
0.7060198003754777 0.14 300000
0.2745921457840218 0.06 300000
0.32388663967611336 0.04 300000
0.6953077012097959 0.12 300000
0.16547788873038516 0.06 300000
0.107542284171671 0.04 300000
0.4706866024001574 0.12 300000
0.14873612444313175 0.1 300000
