48.64196131625023 0.1342079772079772 best
30.95094862249302 0.04538909238909239 1000
30.95094862249302 0.04760805860805861 10000
41.03183633468625 0.06011884411884413 50000
40.591180655950666 0.0765050875050875 100000
44.00413009499986 0.08755718355718356 150000
41.33608046558985 0.09470288970288969 200000
42.70534864374338 0.10913268213268212 250000
42.70534864374338 0.11238298738298737 300000
48.64196131625023 0.11986691086691086 best
30.95094862249302 0.040643874643874645 1000
30.95094862249302 0.04401343101343102 10000
41.03183633468625 0.061653235653235654 50000
40.591180655950666 0.06933984533984534 100000
44.00413009499986 0.07463044363044362 150000
41.33608046558985 0.09763858363858363 200000
42.70534864374338 0.09809320309320307 250000
42.70534864374338 0.0972039072039072 300000
39.089433503689534 0.15500455100455102 best
30.741967251880194 0.05922777222777223 1000
43.251572776486974 0.0743048063048063 10000
43.004634839479685 0.08687112887112887 100000
43.556286714715434 0.10366022866022866 200000
43.49659730738793 0.11684426684426685 300000
22.64029310457266 0.03777877677877678 400000
45.79186402013634 0.14096536796536796 500000
44.42907429721705 0.14368553668553669 600000
39.089433503689534 0.15380108780108778 best
30.741967251880194 0.059350649350649355 1000
43.251572776486974 0.07366144966144965 10000
43.004634839479685 0.09576789876789876 100000
43.556286714715434 0.11241591741591743 200000
43.49659730738793 0.11476223776223776 300000
22.64029310457266 0.0390971250971251 400000
45.79186402013634 0.13914885114885114 500000
44.42907429721705 0.1505253635253635 600000
39.034200379203114 0.19038472638472637 best
30.007194456874824 0.0681104451104451 1000
41.747223248865176 0.08233588633588633 10000
43.087531237482615 0.11838006438006438 100000
46.1252566644333 0.1383046953046953 200000
45.23908798241212 0.15514496614496612 300000
43.458254038358255 0.16551159951159952 400000
41.747223248865176 0.0931921411921412 500000
22.34274878773611 0.05090653790653791 600000
39.034200379203114 0.18183405483405482 best
30.007194456874824 0.07272483072483071 1000
41.747223248865176 0.09388855588855587 10000
43.087531237482615 0.1301978021978022 100000
46.1252566644333 0.13845521145521145 200000
45.23908798241212 0.15645931845931846 300000
43.458254038358255 0.16653302253302257 400000
41.747223248865176 0.08774714174714175 500000
22.34274878773611 0.05387345987345987 600000
